950
656 546
8 205
286 16
423 138
32 170
728 919
5 258
58 114
838 662
257 31
538 181
82 804
650 647
495 408
128 47
507 546
400 246
213 329
4 6
95 123
177 522
63 64
805 536
254 69
414 790
434 930
183 66
841 399
648 453
346 907
181 727
31 191
460 152
325 860
858 829
17 126
920 349
575 767
540 315
34 215
681 438
331 572
14 224
145 338
248 615
269 83
124 913
458 21
196 86
886 49
343 583
134 699
763 41
574 243
121 8
91 533
238 517
24 319
435 322
601 808
405 284
247 889
820 295
905 553
464 426
49 402
462 204
459 667
398 12
322 410
65 741
432 687
771 372
53 61
104 625
20 130
50 10
156 115
524 428
10 456
708 323
465 330
9 12
726 757
39 543
307 346
388 698
940 207
101 38
28 3
165 867
256 352
821 451
222 219
537 882
481 675
745 210
127 590
938 780
282 622
82 68
482 187
352 556
467 846
870 249
308 69
55 35
623 43
55 272
4 3
98 624
735 59
448 118
52 80
303 634
559 764
324 244
313 320
775 815
214 82
550 424
22 201
116 136
424 12
459 15
664 36
45 281
108 291
702 205
114 285
410 463
16 3
215 245
48 600
17 41
563 132
351 383
659 227
6 674
159 157
508 215
443 360
616 538
264 44
150 193
503 202
135 333
523 579
324 932
564 655
190 568
501 308
841 898
46 138
690 216
546 829
56 26
287 742
710 653
227 586
379 432
125 19
665 212
381 457
292 180
671 406
360 218
351 141
90 174
38 11
235 195
183 203
711 236
305 651
384 84
446 487
519 544
426 562
782 615
496 903
340 450
265 370
171 502
645 246
718 485
373 246
551 706
948 892
418 733
682 627
578 34
596 362
414 527
101 135
85 267
810 335
36 327
795 96
62 372
547 271
693 387
216 511
880 62
443 950
87 3
22 149
371 871
303 703
98 28
212 61
29 822
547 773
186 49
97 3
72 268
125 789
498 264
26 368
567 65
868 720
706 799
205 899
141 297
350 603
849 126
866 223
469 817
149 454
652 717
334 359
25 365
50 70
70 112
753 923
269 847
262 548
63 85
660 356
662 574
786 626
55 441
403 146
97 412
855 255
497 513
402 614
850 372
814 398
621 216
307 249
283 809
29 23
444 266
120 32
618 837
922 517
686 376
797 887
539 2
856 96
715 368
6 8
120 494
92 38
15 14
852 114
278 161
612 170
162 114
420 382
491 288
53 49
265 704
105 2
832 603
330 505
525 689
218 148
10 564
108 75
749 18
284 439
120 649
27 37
812 706
68 15
342 394
677 576
806 365
411 581
21 185
136 310
137 71
21 35
262 330
6 11
161 378
67 26
283 15
562 725
62 104
108 273
54 15
666 49
638 137
39 91
230 91
275 480
312 766
247 128
227 187
349 461
191 208
380 286
233 14
3 772
720 701
186 549
688 47
416 292
770 672
351 728
263 131
845 497
928 797
34 75
366 69
1 731
75 528
884 855
439 481
166 163
504 286
71 158
428 723
437 230
411 376
664 816
528 792
80 314
21 929
946 693
843 832
388 658
145 45
147 106
292 500
216 229
298 184
99 12
161 148
103 635
38 248
23 775
406 42
345 304
7 71
44 127
635 818
137 476
593 431
107 200
589 438
295 175
144 71
20 18
584 105
262 288
743 61
166 451
403 901
517 760
14 19
780 874
497 105
819 278
251 6
895 382
525 28
51 16
425 277
96 85
570 287
442 523
400 592
518 768
747 581
85 316
609 579
189 311
514 35
60 3
630 916
431 46
6 66
554 828
353 256
3 49
906 533
883 543
137 888
40 274
716 622
132 108
172 198
360 449
239 452
586 739
471 535
347 169
327 620
126 388
303 947
29 119
39 493
300 350
186 779
203 355
65 474
243 191
240 155
273 509
360 830
26 1
20 30
694 794
262 559
447 264
672 124
76 81
209 29
31 42
26 142
198 234
573 549
326 712
172 652
483 474
304 673
318 532
897 499
308 912
788 146
197 194
135 275
857 685
759 451
453 133
646 536
192 180
239 166
47 83
619 556
231 236
26 103
605 861
169 900
203 244
921 56
339 337
896 461
164 80
875 262
914 339
422 163
106 75
1 7
317 201
123 933
151 266
419 266
402 409
754 158
944 248
836 350
602 484
776 492
202 49
235 934
706 778
3 802
618 439
143 216
745 774
359 680
915 663
104 891
249 51
540 755
670 379
529 330
762 392
909 728
558 97
824 517
601 732
349 253
811 72
242 132
125 332
5 129
39 141
280 22
5 250
406 595
119 746
316 470
113 289
5 48
551 879
371 598
147 221
713 562
330 877
911 386
314 641
559 701
482 594
890 439
409 577
1 3
478 25
4 10
178 53
27 94
10 46
569 943
287 255
246 65
504 737
71 232
691 644
429 147
942 178
169 137
126 303
791 163
207 9
611 272
566 679
400 467
299 73
427 256
661 314
803 685
148 551
1 18
466 77
428 469
519 45
260 261
713 785
30 57
541 663
81 294
531 324
302 138
102 54
924 916
340 108
472 475
253 129
27 22
361 835
8 157
194 76
389 234
744 439
801 748
143 65
848 365
33 118
52 34
448 506
535 722
61 189
395 73
426 128
851 655
937 604
336 232
63 58
234 769
13 6
750 11
644 783
113 87
335 342
79 21
464 575
109 28
82 839
367 512
166 210
458 537
187 356
63 187
507 184
530 229
538 784
433 297
333 473
869 111
797 18
367 257
222 726
377 421
146 357
776 777
96 148
161 438
434 117
8 122
631 36
636 685
77 237
694 118
486 411
601 268
95 54
455 628
58 42
945 443
730 263
854 581
404 130
124 918
859 838
213 284
203 334
57 150
151 116
84 50
80 176
707 1
453 629
199 627
705 59
241 115
249 344
265 245
47 89
325 264
569 607
548 876
626 161
151 348
541 644
172 44
55 468
787 436
73 68
193 485
206 692
376 174
63 217
124 118
25 24
780 581
36 9
4 5
752 569
123 371
823 619
455 324
73 949
102 204
143 195
796 784
632 844
180 130
179 46
798 726
277 139
27 39
238 37
611 936
740 348
366 492
80 153
9 93
337 335
650 683
36 282
9 392
21 32
346 554
278 588
684 748
238 925
278 853
212 343
4 152
65 188
931 840
190 1
117 24
736 510
720 756
13 40
765 697
311 935
892 643
315 445
633 440
825 527
565 10
738 364
425 582
162 910
14 228
270 249
396 328
305 225
499 307
63 77
709 559
72 4
154 177
519 781
134 10
131 63
358 65
488 640
533 604
654 49
40 382
2 1
440 917
232 893
44 110
140 123
146 93
833 363
22 20
386 166
11 34
21 4
466 630
342 542
676 673
53 139
696 617
110 428
64 446
341 515
669 165
390 95
862 505
33 78
361 521
330 724
92 252
560 62
516 199
163 107
557 27
253 719
23 14
199 3
397 173
115 99
79 279
195 908
31 33
585 304
250 606
364 218
264 312
597 181
206 22
127 442
440 282
477 391
6 181
387 173
172 213
599 375
386 393
408 157
668 78
363 111
153 155
175 52
330 872
304 106
863 606
320 678
263 377
259 793
342 553
43 62
75 276
714 79
218 322
904 601
173 111
657 36
753 894
566 332
85 379
574 613
24 15
695 536
514 608
362 294
483 591
14 160
643 576
496 827
881 615
184 488
114 865
185 472
842 465
335 276
160 168
30 326
381 297
184 87
5 69
700 469
541 281
226 19
361 52
30 165
926 793
171 864
536 85
587 479
47 7
927 691
354 201
90 260
34 74
111 100
171 62
125 374
315 312
273 328
141 471
309 298
6 9
490 200
344 391
6 44
939 310
704 878
86 36
220 81
99 259
313 195
321 269
107 407
214 545
510 495
76 50
14 12
16 100
834 530
99 293
314 436
352 418
286 413
45 19
26 31
90 45
138 296
20 154
734 13
116 70
639 453
243 580
526 456
219 176
605 311
318 108
826 578
255 26
40 941
902 582
75 873
831 756
101 107
271 36
417 334
807 501
211 158
647 311
751 449
86 256
552 518
133 39
265 496
182 561
13 17
753 1
800 72
430 71
231 73
525 636
375 81
223 88
245 684
43 9
463 534
70 323
272 341
537 555
150 840
101 571
369 239
99 301
262 124
34 300
576 191
813 264
26 65
653 18
90 401
3 729
46 59
34 399
167 46
182 38
213 414
353 642
455 520
484 325
110 617
